{
  "height": 17,
  "width": 78,
  "x": 41.80397415161133,
  "y": 911.6619262695312
}