{
  "height": 32,
  "width": 137,
  "x": 891.0369262695312,
  "y": 751.4346313476562
}