{
  "height": 54,
  "width": 740,
  "x": 312.79827880859375,
  "y": 638.45166015625
}