{
  "height": 24,
  "width": 613,
  "x": 313.7926025390625,
  "y": 445.8948669433594
}