{
  "height": 46,
  "width": 429,
  "x": 304.2471618652344,
  "y": 226.57669067382812
}