{
  "height": 32,
  "width": 137,
  "x": 857.6328125,
  "y": 774.4296875
}