{
  "height": 21,
  "width": 121,
  "x": 483.1676025390625,
  "y": 314.4886169433594
}