{
  "height": 24,
  "width": 114,
  "x": 944.0056762695312,
  "y": 1043.664794921875
}