{
  "height": 46,
  "width": 268,
  "x": 1328.59375,
  "y": 312.28125
}