{
  "height": 38,
  "width": 627,
  "x": 300.9801025390625,
  "y": 391.4569396972656
}