{
  "height": 46,
  "width": 282,
  "x": 1381.7470703125,
  "y": 333.8636169433594
}