{
  "height": 21,
  "width": 69,
  "x": 1142.7130126953125,
  "y": 0.894886314868927
}