{
  "height": 40,
  "width": 72,
  "x": 47.98295211791992,
  "y": 712.3295288085938
}