{
  "height": 17,
  "width": 52,
  "x": 41.80397415161133,
  "y": 1007.6561889648438
}