{
  "height": 199,
  "width": 770,
  "x": 297.79827880859375,
  "y": 507.21588134765625
}