{
  "height": 54,
  "width": 740,
  "x": 312.79827880859375,
  "y": 0.6107954382896423
}