{
  "height": 46,
  "width": 590,
  "x": 312.79827880859375,
  "y": 522.0596313476562
}