{
  "height": 24,
  "width": 114,
  "x": 944.0056762695312,
  "y": 1044.2613525390625
}