{
  "height": 46,
  "width": 619,
  "x": 312.79827880859375,
  "y": 490.5965881347656
}