{
  "height": 24,
  "width": 613,
  "x": 313.7926025390625,
  "y": 725.2272338867188
}