{
  "height": 48,
  "width": 145,
  "x": 1502.890625,
  "y": 81.6953125
}