{
  "height": 46,
  "width": 598,
  "x": 312.79827880859375,
  "y": 0.24147726595401764
}