{
  "height": 24,
  "width": 613,
  "x": 313.7926025390625,
  "y": 809.1760864257812
}