{
  "height": 46,
  "width": 590,
  "x": 312.79827880859375,
  "y": 521.4630737304688
}