{
  "height": 17,
  "width": 69,
  "x": 41.80397415161133,
  "y": 767.67041015625
}