{
  "height": 22,
  "width": 619,
  "x": 312.79827880859375,
  "y": 596.4772338867188
}