{
  "height": 38,
  "width": 627,
  "x": 300.9801025390625,
  "y": 392.1846618652344
}