{
  "height": 98,
  "width": 1409,
  "x": 254.8863525390625,
  "y": 608.8209838867188
}